54 
108 
234 
360 
378 
450 
504 
558 
612 
702 
756 
774 
864 
882 
954 
1008 
1098 
1116 
1152 
1224 
1242 
1350 
1368 
1422 
1458 
1530 
1584 
1656 
1674 
1692 
1782 
1800 
1836 
1854 
1872 
1908 
1998 
2016 
2034 
2124 
2178 
2250 
2340 
2412 
2448 
2502 
2700 
2736 
2772 
2880 
2970 
2988 
3024 
3096 
3276 
3294 
3312 
3330 
3402 
3420 
3474 
3564 
3582 
3654 
3726 
3744 
3798 
3834 
3942 
3960 
3978 
4014 
4068 
4122 
4176 
4230 
4284 
4320 
4410 
4554 
4662 
4680 
4734 
4770 
4860 
4950 
5058 
5148 
5166 
5184 
5220 
5238 
5274 
5382 
5454 
5472 
5490 
5526 
5562 
5706 
5760 
5922 
5958 
5976 
6048 
6084 
6120 
6174 
6192 
6246 
6264 
6300 
6336 
6354 
6372 
6390 
6426 
6462 
6642 
6678 
6696 
6768 
6822 
6894 
6966 
6984 
7020 
7164 
7182 
7218 
7380 
7398 
7506 
7524 
7578 
7632 
7704 
7740 
7758 
7794 
7848 
7866 
7938 
7956 
7974 
8028 
8046 
8082 
8154 
8172 
8190 
8334 
8352 
8406 
8442 
8496 
8550 
8568 
8586 
8604 
8640 
8712 
8802 
8820 
8856 
8892 
9072 
9090 
9216 
9288 
9306 
9324 
9342 
9486 
9522 
9540 
9576 
9612 
9630 
9648 
9684 
9702 
9738 
9774 
9846 
9864 
9900 
9918 
9936 
9954 
10008 
10026 
10080 
10170 
10206 
10260 
10332 
10350 
10386 
10404 
10656 
10746 
10764 
10782 
10980 
11034 
11052 
11160 
11196 
11214 
11250 
11304 
11358 
11376 
11394 
11412 
11448 
11466 
11484 
11502 
11520 
11664 
11682 
11700 
11754 
11772 
11808 
11970 
11988 
12096 
12168 
12204 
12222 
12240 
12294 
12330 
12420 
12438 
12456 
12492 
12600 
12690 
12708 
12852 
12870 
12960 
13014 
13158 
13176 
13248 
13284 
13302 
13356 
13374 
13428 
13464 
13482 
13500 
13518 
13608 
13680 
13806 
13824 
13860 
13878 
13896 
13932 
14112 
14166 
14184 
14202 
14220 
14238 
14256 
14328 
14346 
14364 
14382 
14400 
14418 
14454 
14472 
14544 
14616 
14634 
14652 
14670 
14706 
14760 
14814 
14850 
14940 
14958 
14994 
15120 
15138 
15228 
15282 
15300 
15336 
15354 
15390 
15462 
15480 
15498 
15534 
15552 
15642 
15660 
15678 
15696 
15858 
16290 
16308 
16326 
16344 
16380 
16524 
16542 
16560 
16740 
16884 
16902 
17046 
17064 
17082 
17154 
17190 
17244 
17370 
17388 
17460 
17496 
17550 
17568 
17586 
17604 
17658 
17766 
17802 
17856 
17874 
17892 
17928 
17982 
18000 
18018 
18054 
18108 
18162 
18234 
18252 
18306 
18324 
18378 
18504 
18522 
18540 
18630 
18720 
18846 
18936 
19044 
19062 
19080 
19098 
19170 
19188 
19278 
19296 
19314 
19386 
19530 
19656 
19674 
19710 
19728 
19782 
19836 
19872 
19926 
19944 
19998 
20016 
20142 
20160 
20232 
20286 
20322 
20484 
20502 
20520 
20538 
20556 
20574 
20700 
20772 
20844 
20862 
20916 
20952 
20970 
21024 
21042 
21060 
21096 
21168 
21222 
21258 
21294 
21366 
21384 
21420 
21492 
21528 
21582 
21636 
21762 
21870 
21960 
21996 
22032 
22050 
22068 
22104 
22212 
22230 
22356 
22374 
22392 
22428 
22446 
22482 
22536 
22554 
22608 
22698 
22770 
22788 
22842 
22860 
22878 
22914 
22950 
23094 
23112 
23148 
23166 
23256 
23310 
23418 
23454 
23526 
23544 
23634 
23670 
23688 
23724 
23778 
23796 
23922 
23958 
23994 
24084 
24120 
24156 
24318 
24390 
24408 
24516 
24552 
24588 
24606 
24750 
24804 
24822 
24912 
24984 
25020 
25092 
25146 
25200 
25308 
25344 
25362 
25380 
25434 
25488 
25506 
25542 
25596 
25704 
25722 
25758 
25830 
25938 
26064 
26082 
26172 
26208 
26226 
26244 
26298 
26316 
26442 
26478 
26514 
26586 
26604 
26658 
26676 
26712 
26766 
26802 
26892 
27000 
27018 
27144 
27216 
27234 
27270 
27324 
27468 
27504 
27522 
27540 
27666 
27684 
27738 
27792 
27846 
27900 
27972 
28062 
28116 
28260 
28278 
28332 
28368 
28386 
28494 
28512 
28530 
28620 
28710 
28782 
28800 
28890 
28908 
28980 
29016 
29034 
29052 
29124 
29178 
29214 
29268 
29286 
29304 
29358 
29394 
29484 
29538 
29610 
29628 
29754 
29772 
29826 
29844 
29934 
29952 
30078 
30096 
30258 
30330 
30402 
30420 
30456 
30492 
30510 
30528 
30726 
30762 
30780 
30852 
30906 
30924 
30960 
30996 
31032 
31050 
31068 
31104 
31122 
31158 
31212 
31356 
31446 
31608 
31734 
31752 
31788 
31824 
31860 
31914 
31932 
31950 
32112 
32220 
32274 
32346 
32364 
32382 
32598 
32616 
32742 
32760 
32778 
32850 
32886 
32958 
32994 
33084 
33120 
33210 
33336 
33498 
33714 
33732 
33786 
33894 
33912 
33930 
33966 
33984 
34002 
34074 
34164 
34254 
34326 
34344 
34362 
34398 
34452 
34470 
34506 
34596 
34758 
34848 
34884 
34902 
34974 
35082 
35100 
35118 
35154 
35172 
35190 
35262 
35298 
35316 
35352 
35370 
35532 
35568 
35604 
35622 
35640 
35658 
35766 
35802 
35892 
35928 
35946 
35964 
35982 
36054 
36126 
36180 
36216 
36234 
36252 
36306 
36378 
36414 
36468 
36486 
36504 
36540 
36576 
36612 
36648 
36702 
36720 
37044 
37152 
37170 
37188 
37224 
37332 
37368 
37476 
37512 
37566 
37602 
37656 
37728 
37764 
37800 
37908 
37980 
38034 
38106 
38178 
38214 
38322 
38340 
38358 
38430 
38520 
38538 
38592 
38682 
38736 
38754 
38790 
38880 
38934 
38970 
38988 
39006 
39024 
39078 
39114 
39132 
39168 
39312 
39384 
39474 
39528 
39582 
39654 
39672 
39762 
39780 
39870 
39888 
39906 
39942 
39978 
40014 
40032 
40068 
40122 
40158 
40320 
40356 
40374 
40392 
40410 
40428 
40446 
40482 
40536 
40554 
40572 
40590 
40608 
40734 
40752 
40770 
40788 
40824 
40878 
40950 
40968 
41076 
41094 
41112 
41148 
41220 
41256 
41292 
41346 
41454 
41472 
41490 
41508 
41598 
41652 
41688 
41706 
41724 
41778 
41850 
41904 
41958 
42048 
42372 
42426 
42534 
42624 
42696 
42714 
42750 
42786 
42804 
42858 
42948 
43038 
43056 
43182 
43218 
43272 
43326 
43380 
43416 
43452 
43506 
43560 
43668 
43686 
43704 
43758 
43776 
43848 
43956 
44046 
44064 
44136 
44172 
44190 
44244 
44298 
44352 
44370 
44424 
44460 
44496 
44532 
44568 
44622 
44694 
44712 
44730 
44784 
44802 
44856 
44892 
44928 
44964 
44982 
45000 
45018 
45036 
45054 
45090 
45162 
45180 
45306 
45432 
45468 
45486 
45504 
45522 
45792 
45900 
45918 
45954 
45972 
46062 
46170 
46188 
46296 
46314 
46332 
46368 
46386 
46404 
46422 
46494 
46512 
46566 
46674 
46782 
46998 
47088 
47106 
47196 
47268 
47286 
47322 
47376 
47394 
47520 
47556 
47628 
47664 
47682 
47718 
47826 
47898 
47970 
48006 
48096 
48186 
48294 
48348 
48366 
48420 
48474 
48528 
48564 
48582 
48600 
48618 
48744 
48780 
48924 
48942 
49050 
49068 
49122 
49140 
49194 
49230 
49266 
49302 
49338 
49356 
49428 
49500 
49536 
49572 
49590 
49626 
49644 
49716 
49734 
49806 
49842 
49860 
49878 
49932 
49986 
50040 
50112 
50166 
50274 
50292 
50526 
50562 
50634 
50670 
50742 
50778 
50796 
50832 
50904 
50922 
50958 
50976 
51084 
51138 
51156 
51228 
51246 
51264 
51318 
51336 
51426 
51534 
51588 
51606 
51624 
51660 
51768 
51930 
52020 
52056 
52146 
52182 
52218 
52254 
52272 
52290 
52326 
52362 
52452 
52524 
52596 
52650 
52686 
52722 
52830 
52848 
52902 
52920 
52992 
53010 
53100 
53154 
53244 
53280 
53388 
53514 
53586 
53640 
53820 
53838 
53928 
53946 
53982 
54000 
54072 
54216 
54252 
54342 
54360 
54432 
54468 
54504 
54522 
54558 
54576 
54594 
54630 
54702 
54720 
54738 
54918 
54936 
54954 
54972 
55008 
55080 
55098 
55134 
55152 
55206 
55242 
55278 
55350 
55368 
55422 
55494 
55566 
55602 
55692 
55728 
